17 3 11
1000 4 45.00 50.00 1000.00 1.00 5.00
1000 3 45.00 50.00 1000.00 1.00 5.00
1000 2 45.00 50.00 1000.00 1.00 5.00
400 9 -5.00 50.00 1000.00 1.00 5.00
500 6 -5.00 50.00 1000.00 1.00 5.00
610 1 10.00 50.00 1000.00 1.00 5.00
620 5 11.00 50.00 1000.00 1.00 5.00
630 11 14.00 50.00 1000.00 1.00 5.00
670 8 12.00 50.00 1000.00 1.00 5.00
680 10 13.00 50.00 1000.00 1.00 5.00
690 11 15.00 50.00 1000.00 1.00 5.00
1200 2 5.00 50.00 1000.00 1.00 5.00
1300 2 6.00 50.00 1000.00 1.00 5.00
1400 3 7.00 50.00 1000.00 1.00 5.00
1500 3 8.00 50.00 1000.00 1.00 5.00
1600 4 9.00 50.00 1000.00 1.00 5.00
1700 6 2.00 50.00 1000.00 1.00 5.00
